120 4 5 1 5
000100100101101011001101000110011111101101100000011000011000001101111111111100001101101111110001000000001110001111100011
000100011000111000111110011010000000011111110011111011010111111001111011111111111111111111111110110000000111111111100001
001100010001101110000010001001100000001101101100110111110111111111001111111111110011110010011100011011110100000100100000
100100100011100001100100000100111110001101000001111111110100110000110011000110000011111110101000011111111011000100010000
111111111100100000101101100111000111111001111110000100011101000000111100011110001110111111101100110100101011000110001000
111000111100010000101111111111010100011111101110000100001001000001111100111010011110101011101111111100110001100111111111
111000111110110000100110100001000100001010101110000110001111100011000000011111000010111000001110111000110000111100000011
100000110011010000100010100111000110011010101001101001011101010111111111000000001010001100011100011000110000000111000101
100001101011010001000111100000111001111010101001101000111000001011101101000100001010001111111111111000101000000011011000
110000101111011011001010100001001001001110001100110001111000011000111101000101101111000000111011111101111100000000110000
110001001101001111001110100010001111101001111100000010011000111100011111110101111101000011010000000111100010000001101000
111101111111111101101010101010001011101011010100110010001001001010010011111111111111100010011000000011111010000011111110
111011110110001000111110101011011000000011111111110010010001110000111111110111101101001011000110000000111100001110000001
010001110010111000100010101011110000011111111001000001100101111110110001111101101001101011000111001000011000010001111001
011010110010001000111011100010000000011110001000010000000001111100100000100100100000001000100110101011111000100101000001
011111111110001000100011000011100000001111111001100000101001100100010001111111100000111100111111111001111101101111111001
010000000110001100111100100110010111110010111111111000111111000100010111111110101010110111111001101001100111110111111101
010001110100011111100111001100001111111010101011110000110111111100011000000100101010110010001011001001000000000011111111
010000000100010111111101001000100111111110101111111000100011111100000000000111111010111100000111111010000000000011101111
011100010100010110000001111001110111101111101110110000100000000000011001101110100000011000000100000001100011100110000101
010011000000110111111111000011111000100011111000011001101111111110000111110110110000010000000111000101111100011110101101
110000111000101011010110000110101001100011100000011001110000000011101111000001110001110000001001111101000000000101101111
111100011000100001111100111111111101111011000000111101010001100100100111100001111110111111110000101100111001111111101110
011111001000011111011111100101111111100100000011111101000001110100101111000000100011110000001001011011111110011111111100
011001001101010101010111111101101101000000011111100011000110001100010001001011100101111111111110110110011000011110110010
011111001110110101000001111110100111000000100000110011110010000000011110001010111000010000010111111100000000111111100010
110001111110011111000001011110100111000001001111111011110111000001111010101010110000001111110111011000000111111111011001
110111111111111010000011111110100110011010001010000111111001110011111010101010111000011010111111001100011110110001111000
001111011001100001011111110101111100010111101111100000000011110011111011001010101011111111101010001111101010110011101000
011111010011100010111110000111111100110011100101101111110011111111111011000110111111000111011010001011101010111110101010
010111110011000010001000011101001101100110010100101000000111100001001111100111100111000110011100011010101010101010101010
011111111100100100000000001111111111000100010100101011111000100011111001111110100011111010010100111010101010101010101010
111111111000111100000000011000011100011100110100101000100000100011110001001111100001111010010100101010101010101010101000
000011111000011110110000000101101101111000011100100000100000100011111111101000010000101011110101101010101010101010101000
011111111000001111010000011111111111100000011000111001100011000111011111101110010011000111100011101010101111101010111100
000011011000111110001000101000011101110000000000011011111100011111111000111010011110001011111010101010111000011110110100
111110011010101010010000111000011101111111000000001101100001100111011000011010000110011111011010101010110000011010100011
000001111111111111110000010011111110110101110000001001000001001100101100011010101111110110001011111011110000100011100011
000001110001110010110101110010001100110101010110011001000001101100000010001011101111110110001011011110001001000111100011
000001110000111110000000010011111100100001011101101111010101110011110001110010110000011011011010011000000110001100010011
111011100000100010001111111000011001000111111111011100000101010011111101000011100011001111111011010000000000001000010010
111110100000100011000111110100001110001100110101011111110101011110000001100011110110001011011111110000000000110000100011
000011000001100111011101100100001111101000010111111110110001111100000001111111111110011100000001111001111111110001000001
000000000010110001101000100010001101111000100100011110001000010110000011001101110010111100000001111111100001011011000000
000000000010010110110001110011000111101100111111111111111111110011100100011000110111101100000011001001111101011111100000
111011110001001100111110111111001001111111011010100111111101100011111000011000111111111110000010000111000001110101111111
101001001001000001011011111100111011001000111110110111101111100100010100110000111110111111100011000011100000110101000011
111000110111100010001000011000100011001101101100111111000011110010010111110000111110000000100011100001111000010001011100
011000010011110110011011110001001111011110000100111011001111010110010001111111111111111111100011111011100111110000010000
011100011010111011111000010001111110110110000111111010110101111010010000111111111101111001111100000101101111111110100000
100111100011011011011111111001100011110011111011111100010101000010010000111001111100001111001110001111111111111010010000
100011100001111001011100001111000011111010000111000000000101110010010000001111101100011001000100010000011010011011010001
001111100001111111011111111111000110110010000011001000001110100001110000001000101100111010000010010000011111111101001111
111111110000011011011110011011100111000111000010101100111111110000000000010000011111110110000010001111111001101001001111
100111100011110001001111100011011100000011000111101110001000010000111100011011111101100000000001000000011001110001100111
100101100010100001001111000010001111001100100110100000001100011011000100001111001100100000000001111000011011110011111111
111111101110111011010000000101011001111000110000111000001110011010000010001111001000111000000001000111100111111111100011
010011111110101111010000000111010000110000110111100000111010011110000110001001111101100111110000000011000000010001101011
011101000010111111100000000111011000011011010101000000001100010111000110111001111111000000101100000111100000010000111011
101101000111111111110000000011111111111111111111000000001100100111001010000111110000000111100011111111100110010000101011
100101011001011100111110000000000110110111100110001101011001111101001011100111000011111111111001111100001001010000111110
100101010000101110000111110000000100100010000110101111110011010101001010000110110000000011011111111100011110100001111111
110100111101111110000010111000111111100110000111111110111111010101111011111100010011111101111111001110000110101011110110
110010011011111101000010100111101100001111011001111111111110110001010011011100100000000000011111010001000010101101110110
110011010011001111100110011111001100011111110111010011101010101000000110011111001111111111011001110001000011101101111111
011001011011000111111110010101000111111110000101100001111011110010001100011000000000000000010000111001000011111110011001
111111011101000111111010000110001111111111110111100001101110111101101100111111011111111111100001000111111110111100011001
101010000001100111101010100100011011100011001111000001000110011000101111111111110000000010100111000011110111111000100000
111000110001011110101010100110110011100011111100000110011111010000101000011111111110111111110101100000110010001111111000
001111111100010000101010100011100010111111111100001010001011110000100011000011110000001111000000100000011010101011110111
000101110000000100111110100010100010110111011100010010001110110001100011000011101001111111000000100001101010100000000000
000101111110000111110111101111100010100011001100010010001010101110000100100111100010111110100001100010001111111111000000
000100000101011111100111111001110010100100101110110010001110000000000111111111101010011010000100011100011011110000111000
001011111101000111000101110110010111110100111111111110011010000000001011100011111000011111110111000100010001100000100100
111001110111110010001101111110011110011000010111000000111110000000011010100111111000011011111100000001010000110001100011
001110011110100010011101111110111110011000010011000101111110001111111111011100011000011110001101000000110001101100100011
100100110011110000110101000011101100001000110011000110110011011011101111110000001000000110000101110011111111100100100101
011111111111011111011101100011101110001110110111101000010011010001111110100000001000000011001101111111111110000010010100
101111011110001110001101000010111110001001101001111000011101110001010100010000010000110011111111001001110100000010010110
101000011111001101001111111111111011111000111000100000011100010011111100010011110001000110011111000111100100000010010111
101000011101111111001110111110111011111110000001110000100100111111001110001110111010000111110011000011000110000011100101
101000000111001011110000010100011110001100111111110101111101100001001110001111111111000010111111100111001000000001111100
111000000000001110110000010100011011111110001011110000010110010011111110001001110000001111101111111111001111101111111111
111110001111011110101110110100011000010011111110011101000100011111110101001011011100011011101000000100111100110000000110
011100001101011110101111100100110000010010011011111110000010001101001101001110010100011110011000000100011011100000000001
011111101110000110101010000111110101111111110011010111000111010010001010001000001100000111110000011110000111100000000001
111111111111111111101110000111110100001111111011111111000010111100010001011100001100000111011011111111000001100011100001
111100011110011000111011000010101001111100110110000010001000010110010001101110001111000111111110100001000000100010110001
111100000011110000011101000110101000011000100001110000000111110011100000011011111001000111001110111111110000111111001011
101100000010110000001101000010001111011011101001110000001100010000000001011111010101110111110001111110000000000001001110
101111000011111000001111001111011001000100001011010000001000010000011001111100011110110111010001000000001111110000100010
100001100111101110001100001001101100100000100011110111111100011001100110111111010110011111110001111110001111001000110001
101100101100011110001000001001001100110011111111111101011111111001000111111001111110111111110001000000010011110110010001
111100111110001110001110001001001110010110011001001100011010111000101111110000001111111111001001110010100011100010111111
000100001111101111111000010010001011110111110000111111011010100000011111100000000110001111100111011110100111000010111011
001100000000111101111100010010010111111110110000011001111010000000001011111111110100111011011111111011000110000011011010
111100000111111111110000110100110111110110110000001001011110000000101111101000111101111100011000000110000101000100001111
110100010110000010010111101111010100100010110000001101010000000111101111100110111110001111110000110010001000111100010110
100100111100000011110011000110001000110011111011110101011111011000011000111111100110001101111000000001110000000100011100
001101101100000011000010001010001001110100011100110111000001011000101111111111111100001111111111111111000000111110110100
010101101100000100000000001001001001101100011000110111111111111111111000010111011110011110000111110011000000110111000000
000101111100001000111000101000111100111000011000011100110001111111101111111111010011111111111111110001100011100011100000
000001111100001100011111101100110111101000011000100100111111001101111010101100110011100101100001111001000010100010000010
101011011011111000111001111011010111111110011001100011110100000011011111101000010001100111000000101111011011100111111011
101001111010001111100011100011011110001111011001110011010101111110001111101100001111111011000000011111111010111000011111
111001111110000110000100100011111100001000001000111111110001111100001001000110001110111111111000101111111010101011100011
111011100110001100001000110111001100001100000101000011000000111000111100000111111000001011111111000111101011111000100011
001011000010100111110000011111001110111000100010000001011110101011111111100010110000000111110110000100011010110100100111
001110000111101110000110000010001001100111010000000100011111111110010100101010010000000100000110000100010000100010011110
010110000101101000011001101110001111101101010000111101111111110000010111111110011001111100000111110010100000010010000011
111100000111111000100001100010000000111111111111101001011010011110110001000100011110011000000100011111100001111111101111
110111100011101101100011111010000000010110110011001110001010000111011010000111101100101010101000011101001110100100010001
011111110001001101100010110110000000011100011110001110011111000010000111001100011100101010001000010000011111110010001001
011111111111111010110001110000010000111010110001111110011001100100000110111111111100111011100100100000001111000011000101
010011011000000000010001111001110001101111111111000011011001111100000111111000101110001011110111100000011110110000100011
010011110000100000110000110111001001101010001001001111110111111100011001101111111110000001111111000001100000110000110000
010010000000101010110000100001101110001010000110100011110110011111111111001000111110000011110000111111000000110111111001
010010000000111010110001110001101110001010001100100011110110011111100010001111000110000011000000001110000011110010011010
011010000000101011001011111111001101001101100011100011111100001111111100010111100111111010000000000110011110011110010010
011111100001101011000111101111101110000100100010001100111000000101110110111111111101111011000000000010001010001001110010
